
417    -21 
418    -19 
421    -16 
423    -14 
427    -11 
429    -8 
430    -7 
433    -5 
434    -4 
435    -3 
436    -3 
437    -2 
438    1 
440    3 
442    5 
443    8 
444    9 
445    11 
448    12 
449    13 
450    15 
452    17 
453    17 
454    20 
456    23 
457    25 
460    28 
461    29 
462    33 
463    34 
465    36 
466    38 
467    40 
469    41 
470    46 
471    48 
472    50 
473    53 
474    53 
475    56 
476    59 
477    60 
479    64 
481    69 
484    77 
485    80 
486    85 
487    86 
488    89 
489    91 
490    100 
491    102 
492    109 
493    113 
495    164 
496    174 
497    182 
498    191 
499    196 
500    199 
501    210 
502    218 
503    221 
504    228 
505    229 
506    241 
507    242 
508    255 
509    255