3    4 
6    1 
7    1 
8    0 
9    0 
11    -1 
13    -1 
14    -1 
16    -1 
19    -1 
21    -1 
24    -1 
27    -1 
30    -1 
34    -1 
41    0 
47    0 
51    1 
55    3 
59    3 
64    4 
68    4 
71    5 
73    5 
75    5 
76    5 
79    5 
83    5 
86    5 
89    5 
91    5 
92    5 
93    5 
95    5 
98    5 
101    5 
104    5 
107    5 
109    5 
111    5 
112    5 
113    5 
115    5 
118    4 
123    4 
125    4 
129    4 
131    4 
133    4 
135    4 
137    4 
138    4 
142    4 
145    4 
148    4 
150    4 
154    4 
156    4 
162    4 
166    5 
170    6 
173    7 
176    8 
178    9 
179    9 
180    10 
182    12 
190    17 
195    20 
198    22 
203    25 
206    26 
207    27 
208    28 
209    29 
211    32 
213    35 
217    39 
220    45 
221    47 
223    49 
224    51 
225    52 
227    55 
229    60 
231    66 
232    69 
233    71 
235    74 
236    78 
237    81 
238    86 
239    91 
240    95 
241    98 
243    110 
244    113 
245    119 
246    126 
247    129 
248    136 
249    143 
250    147 
252    151 
254    158 
255    163 
257    171 
258    173 
259    178 
260    183 
261    185 
263    191 
265    197 
266    198 
267    198 
269    200 
272    202 
274    203 
276    204 
278    205 
280    206 
282    206 
284    206 
285    206 
286    206 
287    206 
288    205 
290    203 
292    202 
294    200 
296    197 
298    196 
300    188 
301    185 
302    183 
303    175 
304    168 
305    154 
306    146 
307    136 
308    131 
309    113 
310    112 
311    109 
312    105 
313    101 
314    99 
315    96 
316    92 
317    87 
318    85 
319    81 
320    78 
321    76 
323    72 
325    69 
327    66 
328    65 
330    63 
331    63 
332    63 
334    62 
335    61 
337    61 
339    60 
341    60 
343    60 
344    60 
347    60 
348    60 
349    60 
350    60 
352    60 
354    60 
356    61 
357    61 
358    61 
360    62 
362    62 
364    62 
368    62 
371    62 
374    62 
380    62 
381    62 
383    62 
385    62 
388    61 
392    61 
394    60 
397    59 
400    59 
402    57 
403    57 
404    56 
405    56 
406    55 
407    55 
408    54 
409    53 
410    52 
412    50 
413    49 
415    48 
417    47 
418    47 
419    45 
421    43 
423    42 
428    38 
429    37 
430    36 
432    34 
434    34 
435    33 
436    32 
437    32 
438    30 
440    29 
441    28 
442    27 
443    27 
445    25 
447    24 
448    24 
449    23 
450    23 
451    22 
453    21 
455    20 
456    20 
458    20 
459    20 
462    19 
463    19 
464    19 
465    18 
467    18 
470    18 
472    17 
474    16 
476    16 
478    15 
480    15 
481    15 
482    15 
485    15 
487    15 
490    15 
494    15 
497    15 
500    15 
503    15 
505    15 
511    13 
512    12 
513    12 
514    12 
516    11 
519    10 
521    10 
524    8 
525    8 
527    7 
529    6 
531    4 
533    3 
535    1 
536    1 
538    0 
539    -1 
540    -1