1    2 
3    2 
5    5 
7    8 
11    12 
14    16 
16    20 
18    22 
19    25 
20    28 
22    30 
23    34 
24    39 
25    41 
26    43 
27    44 
30    45 
31    45 
34    45 
35    45 
38    45 
39    45 
41    44 
43    41 
44    40 
45    38 
46    37 
47    36 
48    33 
49    32 
51    27 
52    23 
53    21 
54    20 
55    18 
56    14 
57    13 
58    12 
59    11 
60    9 
61    8 
62    8 
63    8 
64    8 
65    8 
67    8 
68    8 
70    8 
71    8 
72    8 
73    8 
74    8 
75    8 
77    9 
79    13 
83    17 
86    21 
90    27 
92    31 
97    41 
100    47 
104    54 
108    59 
110    65 
114    72 
115    75 
117    78 
119    79 
121    82 
124    82 
127    82 
131    81 
133    81 
136    77 
139    73 
141    68 
143    62 
145    57 
147    52 
148    44 
151    41 
152    35 
154    32 
155    27 
156    24 
158    20 
159    19 
161    15 
163    13 
164    9 
165    9 
166    9 
167    9 
169    7 
170    6 
171    6 
172    6 
173    6 
174    6 
175    6 
178    6 
180    7 
185    9 
188    11 
191    13 
192    14 
193    15 
194    16 
195    17 
197    20 
199    21 
200    23 
202    25 
203    26 
204    30 
206    38 
207    42 
210    49 
211    57 
212    63 
214    69 
217    76 
220    84 
224    92 
225    95 
231    105 
233    109 
239    122 
240    125 
242    126 
243    126 
245    125 
247    122 
251    116 
253    109 
255    92 
257    84 
258    78 
259    73 
262    69 
263    61 
264    57 
265    53 
266    51 
267    49 
269    42 
271    36 
272    32 
273    30 
274    28 
275    27 
277    22 
279    20 
280    17 
281    15 
282    13 
283    13 
284    12 
285    11 
287    11 
289    10 
290    9 
291    9 
292    9 
293    9 
295    9 
297    12 
299    13 
302    17 
303    18 
304    20 
305    21 
310    29 
312    31 
314    35 
315    38 
317    46 
319    51 
321    57 
324    67 
328    76 
330    84 
331    92 
334    100 
336    109 
338    117 
342    127 
346    138 
350    147 
351    153 
353    157 
354    158 
355    157 
358    152 
365    114 
366    109 
368    101 
370    93 
371    85 
372    81 
373    76 
374    71 
375    65 
376    61 
377    58 
378    57 
379    55 
381    50 
383    49 
384    46 
385    43 
387    41 
389    38 
391    37 
395    28 
396    25 
398    24 
399    22 
400    19 
401    18 
402    17 
403    16 
404    13 
405    12 
406    12 
407    10 
408    9 
409    9 
410    9 
411    8 
412    8 
414    8 
415    8 
416    8 
419    8 
421    8 
422    8 
423    9 
424    9 
426    9 
427    9 
429    9 
430    9 
431    10 
432    10 
435    11 
437    12 
438    13 
439    13 
440    15 
442    16 
443    17 
447    18 
449    21 
450    23 
452    27 
453    29 
455    32 
457    37 
458    37 
459    41 
461    45 
462    46 
463    49 
464    56 
466    58 
468    65 
469    68 
470    70 
471    77 
472    82 
475    99 
476    103 
477    105 
478    109 
480    119 
482    125 
483    131 
484    141 
485    146 
486    152 
487    154 
488    165 
491    168 
492    174 
495    187 
497    194 
498    199 
499    205 
501    211 
502    214 
503    214 
504    219 
505    222 
506    225 
507    227 
508    232 
509    234 
510    238 
511    241 
513    249 