2    2 
3    2 
4    2 
5    2 
6    2 
7    2 
10    2 
11    3 
12    3 
14    4 
18    7 
20    9 
24    12 
27    16 
32    21 
35    23 
37    25 
40    28 
43    30 
44    31 
46    32 
47    32 
48    32 
50    31 
51    30 
54    29 
55    27 
57    25 
59    24 
61    21 
63    21 
64    19 
66    17 
67    17 
68    17 
69    16 
70    15 
71    13 
72    12 
73    11 
74    10 
75    9 
77    9 
79    8 
80    7 
81    7 
83    7 
85    7 
86    7 
87    7 
89    7 
91    9 
98    13 
101    17 
105    23 
108    28 
111    33 
114    36 
115    38 
116    41 
117    42 
119    42 
123    41 
124    38 
125    36 
127    33 
128    27 
129    25 
130    24 
131    22 
132    21 
134    19 
135    17 
137    16 
139    15 
143    13 
144    13 
146    12 
147    12 
151    10 
152    10 
155    10 
157    9 
159    9 
160    9 
162    10 
165    13 
166    17 
169    23 
173    29 
177    38 
179    43 
181    49 
182    53 
183    61 
184    62 
186    65 
187    65 
188    65 
191    65 
194    65 
196    65 
199    63 
201    61 
203    60 
206    57 
208    54 
210    50 
213    47 
214    45 
215    37 
216    28 
217    22 
219    20 
221    16 
222    11 
223    9 
224    8 
229    8 
235    13 
244    23 
249    27 
254    34 
256    38 
259    41 
261    47 
263    39 
264    37 
266    35 
267    33 
269    24 
270    22 
271    20 
272    19 
274    17 
275    17 
278    14 
280    13 
282    13 
285    12 
288    12 
290    12 
291    12 
292    12 
294    12 
295    13 
297    14 
298    15 
300    17 
303    24 
304    26 
306    28 
307    33 
308    35 
309    37 
311    38 
314    39 
315    40 
316    40 
317    40 
318    40 
319    40 
320    38 
321    37 
322    35 
323    32 
326    25 
327    24 
328    22 
329    21 
330    20 
331    19 
333    17 
334    16 
335    14 
336    14 
337    13 
338    13 
339    13 
340    13 
341    13 
342    13 
343    13 
346    15 
348    20 
351    25 
354    33 
355    37 
357    43 
359    47 
361    54 
362    60 
363    61 
365    73 
366    74 
367    77 
368    80 
369    82 
370    82 
371    82 
373    81 
375    80 
377    77 
379    72 
380    63 
381    59 
382    57 
383    53 
384    48 
387    45 
391    34 
392    31 
393    29 
395    27 
396    26 
397    25 
399    24 
401    22 
403    21 
407    19 
409    17 
413    16 
415    15 
418    15 
419    15 
420    15 
423    15 
425    17 
427    21 
428    24 
430    27 
431    32 
432    39 
435    48 
437    62 
438    65 
439    70 
440    73 
442    73 
443    73 
444    73 
447    73 
449    73 
451    71 
452    69 
454    67 
456    65 
458    63 
459    61 
460    59 
461    58 
463    56 
467    50 
468    50 
469    49 
471    49 
473    49 
475    49 
476    50 
479    53 
481    60 
482    64 
483    69 
485    77 
487    81 
489    89 
490    93 
491    96 
492    97 