
3    5 
6    9 
9    13 
10    15 
11    17 
12    17 
14    17 
16    18 
17    19 
18    19 
19    19 
20    20 
22    20 
23    20 
25    20 
27    20 
31    19 
33    18 
34    17 
35    17 
36    16 
38    16 
39    15 
40    14 
41    14 
42    13 
43    13 
44    13 
45    12 
46    11 
47    11 
48    10 
51    9 
52    9 
54    9 
55    8 
57    7 
59    6 
60    6 
62    5 
63    5 
64    5 
66    5 
67    5 
69    5 
70    5 
71    5 
73    5 
75    5 
76    5 
77    5 
80    5 
83    5 
85    5 
87    5 
90    6 
92    7 
98    9 
99    9 
100    10 
101    12 
103    13 
104    15 
107    18 
108    20 
109    21 
110    22 
111    24 
112    25 
115    30 
116    33 
118    34 
120    37 
122    39 
124    42 
127    46 
128    49 
131    50 
135    54 
136    55 
137    56 
139    57 
142    57 
143    58 
145    59 
146    59 
148    61 
150    61 
154    62 
156    62 
158    62 
160    62 
162    62 
165    62 
168    61 
173    59 
176    57 
179    56 
183    54 
184    53 
187    50 
189    48 
192    44 
194    42 
196    41 
198    39 
203    34 
206    33 
207    31 
210    29 
211    28 
212    26 
214    25 
217    22 
219    21 
222    19 
223    18 
226    17 
227    16 
230    15 
231    14 
232    13 
234    12 
236    11 
238    10 
239    9 
240    9 
242    9 
243    9 
246    7 
247    7 
248    7 
249    7 
251    7 
255    7 
257    7 
260    8 
261    9 
262    9 
263    9 
264    11 
265    12 
266    15 
267    17 
269    20 
270    22 
271    24 
272    26 
273    29 
274    30 
275    31 
277    33 
279    37 
280    41 
282    43 
283    45 
286    51 
287    53 
288    55 
290    58 
291    63 
293    65 
294    66 
295    68 
296    71 
297    73 
298    74 
299    76 
300    77 
301    77 
302    79 
303    82 
306    85 
307    85 
309    88 
311    90 
313    92 
315    93 
321    98 
322    99 
323    101 
324    102 
325    102 
327    104 
328    106 
330    109 
332    111 
335    113 
336    114 
339    115 
341    116 
343    116 
345    116 
347    116 
349    116 
351    114 
355    113 
357    111 
359    109 
361    108 
363    105 
365    102 
367    100 
368    97 
370    95 
372    91 
374    88 
381    77 
383    71 
385    67 
389    62 
390    61 
395    53 
398    47 
399    45 
400    42 
401    41 
403    38 
405    33 
407    31 
408    27 
409    25 
410    24 
411    22 
413    20 
414    19 
415    17 
416    17 
423    11 
424    11 
425    11 
427    11 
431    11 
433    12 
434    13 
435    13 
438    17 
441    21 
443    22 
446    23 
447    24 
448    24 
450    24 
451    25 
454    25 
455    25 
459    24 
461    24 
462    24 
471    20 
473    19 
475    19 
478    18 
481    17 
483    17 
484    16 
485    16 
487    15 
490    14 
491    13 
495    13 
497    12 
499    10 
500    10 
502    10 
504    9 
505    9 
506    9 
507    8 
511    8 
512    7 
513    7 
515    6 
523    2 
524    1 
525    1 
526    0 
527    -1 
528    -5 