3    -4 
5    1 
6    1 
7    3 
8    5 
11    6 
12    7 
13    9 
14    9 
15    9 
20    11 
22    11 
23    12 
24    13 
26    13 
28    13 
30    13 
31    13 
32    12 
33    12 
35    12 
36    12 
38    11 
39    10 
40    10 
42    10 
43    9 
45    9 
47    9 
48    9 
49    8 
51    8 
52    8 
54    8 
55    8 
56    8 
57    8 
59    8 
60    8 
63    9 
67    13 
70    14 
71    16 
72    17 
73    18 
74    19 
75    20 
76    22 
77    25 
78    26 
79    28 
80    31 
81    33 
82    35 
83    37 
85    40 
86    41 
87    41 
88    43 
89    44 
90    45 
91    45 
92    45 
94    45 
95    45 
96    45 
98    45 
99    44 
101    42 
102    41 
103    41 
104    40 
105    40 
107    39 
111    38 
112    37 
114    36 
115    35 
117    34 
119    33 
121    33 
123    32 
124    31 
125    31 
127    30 
130    30 
131    29 
134    29 
135    29 
137    29 
139    29 
141    29 
145    32 
149    35 
151    37 
155    42 
157    48 
159    51 
160    57 
161    58 
162    60 
163    62 
164    65 
165    65 
166    65 
167    65 
168    65 
170    65 
171    65 
175    62 
176    60 
177    59 
179    58 
180    55 
182    53 
183    52 
186    48 
187    46 
188    45 
191    42 
192    40 
193    40 
195    38 
197    37 
199    36 
202    33 
203    32 
205    30 
207    30 
209    29 
211    27 
212    26 
215    25 
217    25 
219    25 
221    24 
223    23 
224    23 
225    23 
226    23 
227    23 
229    23 
231    23 
234    26 
235    29 
239    33 
240    35 
241    37 
242    39 
243    41 
244    49 
245    53 
246    61 
247    66 
248    75 
249    77 
250    82 
251    85 
252    97 
253    100 
254    101 
255    105 
256    109 
258    112 
259    113 
260    113 
261    113 
262    113 
263    112 
264    111 
265    109 
267    108 
268    105 
269    104 
270    101 
271    100 
272    94 
273    92 
274    89 
275    87 
276    82 
278    80 
279    77 
284    66 
285    65 
286    64 
287    63 
288    60 
289    58 
290    56 
291    54 
292    52 
295    49 
296    46 
298    44 
299    43 
300    41 
302    40 
303    38 
304    38 
306    37 
307    37 
308    37 
310    38 
311    40 
312    43 
313    45 
315    50 
317    52 
319    57 
321    63 
323    68 
324    75 
325    80 
326    87 
327    93 
328    104 
329    108 
330    110 
331    122 
332    129 
333    132 
334    137 
335    138 
336    145 
337    146 
339    149 
340    152 
341    153 
343    154 
344    155 
346    156 
347    156 
348    156 
352    153 
353    150 
354    148 
355    144 
357    139 
358    133 
359    130 
360    120 
361    117 
362    113 
363    109 
365    102 
366    97 
367    92 
368    85 
370    78 
371    75 
372    66 
373    63 
374    61 
376    53 
378    48 
379    44 
380    39 
382    36 
383    34 
384    26 
385    25 
386    21 
387    20 
388    17 
390    17 
391    16 
392    15 
394    15 
395    16 
396    17 
397    17 
399    20 
401    24 
403    26 
405    30 
406    32 
407    33 
408    40 
409    41 
410    45 
411    47 
412    59 
413    62 
414    66 
415    72 
416    92 
417    98 
418    103 
419    113 
420    126 
421    139 
422    142 
423    146 
424    168 
425    169 
426    173 
429    176 
431    174 
432    165 
433    158 
435    121 
436    118 
437    112 
438    105 
439    101 
443    89 
444    85 
445    82 
446    80 
447    79 
448    73 
450    70 
451    68 
452    63 
453    61 
454    60 
455    58 
456    56 
457    55 
460    55 
462    55 
463    58 
465    62 
466    64 
467    66 
468    73 
469    75 
470    84 
471    94 
472    105 
474    129 
475    135 
476    145 
477    147 
478    149 
479    155 
480    161 
481    163 
482    167 
483    170 
484    173 
485    177 
486    182 
488    193 
489    193 
490    197 
491    199 
492    203 
493    205 
494    207 
495    210 
497    217 
498    220 
499    222 
500    226 
501    229 
502    230 
503    232 
504    235 
505    237 
506    240 
507    241 
510    250 
511    253 